989372081397
989116427917
989352322416
989123997419
989369629872
989332909176
989396073052
989145444313
989365999807
989038615904
989158241528
989172030264
989961569028
989142977851
989164987229
989121143430
989361035067
989137288129
989151591972
989112798320
989335660559
989032598089
989383661309
989150101007
989025227276
989131842142
989037980587
989132022397
989331249064
989354494262
989906408868
989352860174
989181310767
989130148625
989122149950
989135771024
989226294073
989173033769
989338469953
989112768872
989115735624
989118898920
989379083045
989193936533
989934566981
989035466851
989211420034
989124686561
989124983133
989055216911
989358893589
989382110803
989123622005
989389580120
989133710856
989910943158
989034947205
989142099046
989191511992
989151703864
989368436859
989357025410
989164030991
989123871154
989176603250
989381014461
989030731043
989130597412
989105470072
989050272218
989168353951
989226376569
989397921718
989219206144
989197575860
989375978807
989124138551
989158596264
989301007283
989147083006
989014967562
989383598266
989358869937
989123731669
989198706650
989377710350
989153865735
989335335881
989928486041
989376087898
989392215276
989367340731
989309719243
989123415719
989120218517
989124736988
989390989632
989903550608
989197482714
989106940817
989117901504
989128103076
989377729415
989399125541
989119652318
989153313442
989386925606
989163229537
989380920915
989309676503
989332876637
989123540546
989300525216
989304451449
989108501234
989123626312
258855555558
989102887784
989303500713
989129536166
989120731561
989902504980
989392920976
989128444562
989101886327
989192159692
989158326453
989388919814
989368326654
989361076069
989922115930
989056067182
989038618128
989354008609
989146092869
989338698119
989056928669
989182556937
989919645911
989124056434
989229912989
989903452624
989111395279
989379401280
989121403769
989396756242
989019494525
989351083256
989122983595
989226879408
989127241265
989156816878
989378270402
989365128030
989189739137
989127827167
989358706908
989107622385
989398901899
989148927625
989144812083
989219515269
989394095524
989195552655
989022411152
989338232880
989198782832
989902283018
989908761332
989386731978
989131338779
989900034052
989114644481
989148250935
989017307179
989120185358
989365170231
989360470284
989913213398
989390083730
989126129936
989038587397
989123336809
989904651856
989116451268
989173682443
989131534150
989167884512
989157792032
989141200935
989122195642
989140620584
989031938461
989217264787
989371397073
989109645043
989165757467
989911578110
989938738634
989360292712
989187849893
989038708363
989057183361
989168547881
989123447785
989025237225
989019719809
989118630051
989303084367
989109499847
989334972244
989172502520
989150630477
989152003684
989129680263
989147527992
989143088936
989355990182
989932069858
989393188448
989144884349
989038197357
989300709382
989024393005
989390390702
989137589218
989149007118
989020032503
989111555019
989371850325
989363973110
989962718038
989366359266
989365502843
989148410463
989029707339
989392463307
989193012840
989138023348
989359212918
989142953236
989128715411
989212096654
989904522082
989338870152
989370959076
989368254249
989171908694
989158528409
989171129674
989034445653
989019252996
989159015034
989125459731
989190214025
989144817701
989366044679
989131439983
989144189500
989139014914
989139534245
989919163324
989143300576
989126809532
989155168561
989192532868
989030421526
989150012022
989120459972
989139421970
989335701432
989012180737
989037964970
989359774230
989124909013
989223181140
989387861990
989017056688
989160016861
989355654292
989300410010
989193754389
989906297138
989143092413
989199656089
989155151454
989391227378
989155076751
989133551337
989151897245
989133504318
989304429425
989363007209
989362922414
989031647859
989353855878
989916177229
989196387388
989111191728
989920602450
989365959855
989309727779
989139867564
989196010043
989389816368
989122123815
989378108877
989361895538
989383566279
989391356634
989355447879
989331622069
989131454150
989391330276
989359809988
989198979537
989396431504
989386755548
989178694450
989384544041
989227382935
989353645912
989378948360
989149779711
989101270251
989101535850
989014896342
989128123926
989120893327
989100018194
989151705873
989387486423
989025074506
989907803824
989121183874
989337888271
989138996516
989011772189
989309229734
989364753006
989114402109
989121457513
989108753493
989387901145
989300614622
989140795587
989029435311
989010692377
989380372229
989930634011
989392205763
989149508764
989157285119
989129349107
989111002954
989021241396
989159595450
989385266544
989335547106
989217866272
989332553636
989035954305
989024831528
989390949189
989155303847
989053972039
989163682124
989380424766
989352301078
989115781940
989331999430
989157113113
989108607065
989197069473
989155403065
989151412186
989197016022
989331931615
989375520203
989143911962
989184621120
989129359978
989392189339
989361069520
989351354282
989332744550
989168421349
989398112403
989389969522
989197928601
989223644672
989388658965
989901983107
989331861804
989140193189
989365713941
989136543576
989382921920
989177978606
989193944663
989128351976
989367533513
989136211477
989036902464
989028746257
989050598858
989121240052
989300970464
989147224757
989356899761
989027547114
989198848123
989302866303
989186594002
989398574351
989308992706
989363602222
989136382202
989121026363
989013278592
989123254420
989027246634
989306204799
989172337637
989016111025
989919476155
989907490601
989216535180
989109597535
989333121949
989129352968
989393501856
989038721675
989197373146
989105238705
989908450912
989162033860
989144555563
989128534099
989179249358
989135767132
989035227029
989216964544
989122367427
989189350534
989355170053
989175471653
989305512944
989332935647
989333103992
989210480137
989126803994
989350774554
989371422598
989144818399
989148659136
989149290900
989171823740
989304918536
989196430525
989335383055
989375596184
989187804650
989141644678
989144019712
989395577468
989116683281
989190379805
989361960133
989123901738
989901694880
989309589951
989380726773
989384606326
989386200817
989331432031
989158340652
989361145016
989365079042
989153532486
989126196646
989112936583
989214106619
989131474607
989146863693
989126157705
989302062291
989219864240
989397789314
989126209545
989387220360
989124051432
989336595071
989353211351
989056677384
989125244066
989357377782
989116841620
989138535077
989131678047
989106921742
989303582980
27653606508
989196154626
989057914940
989185781678
989107804983
989372569928
989120452060
989199687996
989190403239
989121878268
989393603500
989331521319
989123889684
989361252332
989129220915
989134257550
989179262597
989155108766
989059265336
989332739398
989146184771
989305480992
989186986826
989137828045
989125390214
989358239936
989150579854
989194628530
989114098158
989018100790
989333141212
989393073033
989185382166
989059295150
989382187900
989383314992
989122420784
989037933193
989394629078
989106722155
989189672855
989199954067
989149423415
989121099877
989145162138
989145179642
989331452373
989379829889
989128891925
989013965332
989221258343
989015920992
989020710777
989032452041
989029409006
989149313596
989121504413
989120889726
989370531919
989184069230
989155158480
989199209598
989351200292
989380983798
989129478600
989213764336
989104991750
989194142433
989141783804
989398788966
989214496456
989058472858
989132322785
989944162803
989132613492
989372304424
989134333353
989199047840
989143503515
989303134943
989382628026
989399510068
989197169409
989122182327
989367980672
989358924428
989011570981
989126760081
989170863191
989010991213
989372527767
989037270583
989154478563
989197061810
989397898365
989137619587
989156960609
989159136752
989119623094
989309435281
989388144150
989154929366
989373836360
989177737212
989366871616
989122866317
989010777630
989172192839
989380969526
989917943481
989382730024
989104516816
989353443006
989916907547
989132293615
989361689994
989198685951
989363689191
989124040791
989331654945
989354663559
989145160253
989143177867
989056972590
989198806097
989302818598
989399927988
989059980638
989120453598
989905782645
989397417393
989305236842
989014416061
989351915640
989155844075
989331365452
989026545946
989394202662
989357268160
989111150195
989108701536
989357967050
989333375599
989193082797
989100483058
989024401330
989214033265
989121117687
989117564077
989335517198
989363668066
989159812521
989388881004
989104800588
989367374195
989127571688
989381456646
989197854854
989167377082
989101609086
989166715214
989902717747
989217344091
989330735421
989219567550
989306702167
989192252293
989362412192
989359863101
989168495636
989156993536
989918622787
989198379747
989374896847
989122896234
989370624516
989149371004
989016606214
989162176131
989036232160
989120235460
989915500048
989120232426
989132020818
989017383615
989335277701
989398961165
989912014110
989362053255
989038160399
989141639522
989022658883
989028584293
989367147586
989354109615
989352439949
989010200367
989183756384
989022865456
989398617094
989306990308
989038063276
989036569343
989361748385
989920995155
989148788359
989122426388
989361674200
989024355799
989018405528
989138557820
989389082881
989191602420
989057886431
989123534211
989162135925
989961325684
989034200224
989183634098
989157989881
989358478860
989923266922
989197391494
989148558978
989375688315
989113743549
989101778277
989126273072
989129584471
989107649379
989914570900
989199838050
989020436713
989109069522
989388790363
989911169208
989051452545
989149424938
989155121186
989123513288
989139070914
989307283633
989117724611
989304221393
989033813365
989372673556
989152156793
989122896327
989036022500
989359190092
989307406764
989305439004
989126614521
989907115216
989121965946
989373215052
989226021897
989384958018
989914488117
989155980686
989141199750
989121085350
989055788840
989123491304
989919217019
989170688572
989195746145
989331052995
989143141626
989127121017
989127462584
989129244427
989158565034
989124080406
989379398322
989116578533
989026434524
989361640796
989156160900
989102661303
989100192123
989359895404
989351323753
989211660490
989149141135
989126825543
989190918121
989196097011
989330707417
989123104517
989104506268
989155088663
989355441163
989134609948
989127504662
989126514077
